/*--------------------------------*- C++ -*----------------------------------*\
| =========                 |                                                 |
| \\      /  F ield         | OpenFOAM: The Open Source CFD Toolbox           |
|  \\    /   O peration     | Version:  2406                                  |
|   \\  /    A nd           | Website:  www.openfoam.com                      |
|    \\/     M anipulation  |                                                 |
\*---------------------------------------------------------------------------*/
FoamFile
{
    version     2.0;
    format      ascii;
    arch        "LSB;label=32;scalar=64";
    class       vectorField;
    location    "constant/polyMesh";
    object      points;
}
// * * * * * * * * * * * * * * * * * * * * * * * * * * * * * * * * * * * * * //


882
(
(0 0 0)
(0.0035355 0.0035355 0)
(0.007071 0.007071 0)
(0.0106065 0.0106065 0)
(0.014142 0.014142 0)
(0.0176775 0.0176775 0)
(0.021213 0.021213 0)
(0.0247485 0.0247485 0)
(0.028284 0.028284 0)
(0.0318195 0.0318195 0)
(0.035355 0.035355 0)
(0.0388905 0.0388905 0)
(0.042426 0.042426 0)
(0.0459615 0.0459615 0)
(0.049497 0.049497 0)
(0.0530325 0.0530325 0)
(0.056568 0.056568 0)
(0.0601035 0.0601035 0)
(0.063639 0.063639 0)
(0.0671745 0.0671745 0)
(0.07071 0.07071 0)
(-0.0035355 0.0035355 0)
(0 0.007071 0)
(0.0035355 0.0106065 0)
(0.007071 0.014142 0)
(0.0106065 0.0176775 0)
(0.014142 0.021213 0)
(0.0176775 0.0247485 0)
(0.021213 0.028284 0)
(0.0247485 0.0318195 0)
(0.028284 0.035355 0)
(0.0318195 0.0388905 0)
(0.035355 0.042426 0)
(0.0388905 0.0459615 0)
(0.042426 0.049497 0)
(0.0459615 0.0530325 0)
(0.049497 0.056568 0)
(0.0530325 0.0601035 0)
(0.056568 0.063639 0)
(0.0601035 0.0671745 0)
(0.063639 0.07071 0)
(0.0671745 0.0742455 0)
(-0.007071 0.007071 0)
(-0.0035355 0.0106065 0)
(0 0.014142 0)
(0.0035355 0.0176775 0)
(0.007071 0.021213 0)
(0.0106065 0.0247485 0)
(0.014142 0.028284 0)
(0.0176775 0.0318195 0)
(0.021213 0.035355 0)
(0.0247485 0.0388905 0)
(0.028284 0.042426 0)
(0.0318195 0.0459615 0)
(0.035355 0.049497 0)
(0.0388905 0.0530325 0)
(0.042426 0.056568 0)
(0.0459615 0.0601035 0)
(0.049497 0.063639 0)
(0.0530325 0.0671745 0)
(0.056568 0.07071 0)
(0.0601035 0.0742455 0)
(0.063639 0.077781 0)
(-0.0106065 0.0106065 0)
(-0.007071 0.014142 0)
(-0.0035355 0.0176775 0)
(0 0.021213 0)
(0.0035355 0.0247485 0)
(0.007071 0.028284 0)
(0.0106065 0.0318195 0)
(0.014142 0.035355 0)
(0.0176775 0.0388905 0)
(0.021213 0.042426 0)
(0.0247485 0.0459615 0)
(0.028284 0.049497 0)
(0.0318195 0.0530325 0)
(0.035355 0.056568 0)
(0.0388905 0.0601035 0)
(0.042426 0.063639 0)
(0.0459615 0.0671745 0)
(0.049497 0.07071 0)
(0.0530325 0.0742455 0)
(0.056568 0.077781 0)
(0.0601035 0.0813165 0)
(-0.014142 0.014142 0)
(-0.0106065 0.0176775 0)
(-0.007071 0.021213 0)
(-0.0035355 0.0247485 0)
(0 0.028284 0)
(0.0035355 0.0318195 0)
(0.007071 0.035355 0)
(0.0106065 0.0388905 0)
(0.014142 0.042426 0)
(0.0176775 0.0459615 0)
(0.021213 0.049497 0)
(0.0247485 0.0530325 0)
(0.028284 0.056568 0)
(0.0318195 0.0601035 0)
(0.035355 0.063639 0)
(0.0388905 0.0671745 0)
(0.042426 0.07071 0)
(0.0459615 0.0742455 0)
(0.049497 0.077781 0)
(0.0530325 0.0813165 0)
(0.056568 0.084852 0)
(-0.0176775 0.0176775 0)
(-0.014142 0.021213 0)
(-0.0106065 0.0247485 0)
(-0.007071 0.028284 0)
(-0.0035355 0.0318195 0)
(0 0.035355 0)
(0.0035355 0.0388905 0)
(0.007071 0.042426 0)
(0.0106065 0.0459615 0)
(0.014142 0.049497 0)
(0.0176775 0.0530325 0)
(0.021213 0.056568 0)
(0.0247485 0.0601035 0)
(0.028284 0.063639 0)
(0.0318195 0.0671745 0)
(0.035355 0.07071 0)
(0.0388905 0.0742455 0)
(0.042426 0.077781 0)
(0.0459615 0.0813165 0)
(0.049497 0.084852 0)
(0.0530325 0.0883875 0)
(-0.021213 0.021213 0)
(-0.0176775 0.0247485 0)
(-0.014142 0.028284 0)
(-0.0106065 0.0318195 0)
(-0.007071 0.035355 0)
(-0.0035355 0.0388905 0)
(0 0.042426 0)
(0.0035355 0.0459615 0)
(0.007071 0.049497 0)
(0.0106065 0.0530325 0)
(0.014142 0.056568 0)
(0.0176775 0.0601035 0)
(0.021213 0.063639 0)
(0.0247485 0.0671745 0)
(0.028284 0.07071 0)
(0.0318195 0.0742455 0)
(0.035355 0.077781 0)
(0.0388905 0.0813165 0)
(0.042426 0.084852 0)
(0.0459615 0.0883875 0)
(0.049497 0.091923 0)
(-0.0247485 0.0247485 0)
(-0.021213 0.028284 0)
(-0.0176775 0.0318195 0)
(-0.014142 0.035355 0)
(-0.0106065 0.0388905 0)
(-0.007071 0.042426 0)
(-0.0035355 0.0459615 0)
(0 0.049497 0)
(0.0035355 0.0530325 0)
(0.007071 0.056568 0)
(0.0106065 0.0601035 0)
(0.014142 0.063639 0)
(0.0176775 0.0671745 0)
(0.021213 0.07071 0)
(0.0247485 0.0742455 0)
(0.028284 0.077781 0)
(0.0318195 0.0813165 0)
(0.035355 0.084852 0)
(0.0388905 0.0883875 0)
(0.042426 0.091923 0)
(0.0459615 0.0954585 0)
(-0.028284 0.028284 0)
(-0.0247485 0.0318195 0)
(-0.021213 0.035355 0)
(-0.0176775 0.0388905 0)
(-0.014142 0.042426 0)
(-0.0106065 0.0459615 0)
(-0.007071 0.049497 0)
(-0.0035355 0.0530325 0)
(0 0.056568 0)
(0.0035355 0.0601035 0)
(0.007071 0.063639 0)
(0.0106065 0.0671745 0)
(0.014142 0.07071 0)
(0.0176775 0.0742455 0)
(0.021213 0.077781 0)
(0.0247485 0.0813165 0)
(0.028284 0.084852 0)
(0.0318195 0.0883875 0)
(0.035355 0.091923 0)
(0.0388905 0.0954585 0)
(0.042426 0.098994 0)
(-0.0318195 0.0318195 0)
(-0.028284 0.035355 0)
(-0.0247485 0.0388905 0)
(-0.021213 0.042426 0)
(-0.0176775 0.0459615 0)
(-0.014142 0.049497 0)
(-0.0106065 0.0530325 0)
(-0.007071 0.056568 0)
(-0.0035355 0.0601035 0)
(0 0.063639 0)
(0.0035355 0.0671745 0)
(0.007071 0.07071 0)
(0.0106065 0.0742455 0)
(0.014142 0.077781 0)
(0.0176775 0.0813165 0)
(0.021213 0.084852 0)
(0.0247485 0.0883875 0)
(0.028284 0.091923 0)
(0.0318195 0.0954585 0)
(0.035355 0.098994 0)
(0.0388905 0.1025295 0)
(-0.035355 0.035355 0)
(-0.0318195 0.0388905 0)
(-0.028284 0.042426 0)
(-0.0247485 0.0459615 0)
(-0.021213 0.049497 0)
(-0.0176775 0.0530325 0)
(-0.014142 0.056568 0)
(-0.0106065 0.0601035 0)
(-0.007071 0.063639 0)
(-0.0035355 0.0671745 0)
(0 0.07071 0)
(0.0035355 0.0742455 0)
(0.007071 0.077781 0)
(0.0106065 0.0813165 0)
(0.014142 0.084852 0)
(0.0176775 0.0883875 0)
(0.021213 0.091923 0)
(0.0247485 0.0954585 0)
(0.028284 0.098994 0)
(0.0318195 0.1025295 0)
(0.035355 0.106065 0)
(-0.0388905 0.0388905 0)
(-0.035355 0.042426 0)
(-0.0318195 0.0459615 0)
(-0.028284 0.049497 0)
(-0.0247485 0.0530325 0)
(-0.021213 0.056568 0)
(-0.0176775 0.0601035 0)
(-0.014142 0.063639 0)
(-0.0106065 0.0671745 0)
(-0.007071 0.07071 0)
(-0.0035355 0.0742455 0)
(0 0.077781 0)
(0.0035355 0.0813165 0)
(0.007071 0.084852 0)
(0.0106065 0.0883875 0)
(0.014142 0.091923 0)
(0.0176775 0.0954585 0)
(0.021213 0.098994 0)
(0.0247485 0.1025295 0)
(0.028284 0.106065 0)
(0.0318195 0.1096005 0)
(-0.042426 0.042426 0)
(-0.0388905 0.0459615 0)
(-0.035355 0.049497 0)
(-0.0318195 0.0530325 0)
(-0.028284 0.056568 0)
(-0.0247485 0.0601035 0)
(-0.021213 0.063639 0)
(-0.0176775 0.0671745 0)
(-0.014142 0.07071 0)
(-0.0106065 0.0742455 0)
(-0.007071 0.077781 0)
(-0.0035355 0.0813165 0)
(0 0.084852 0)
(0.0035355 0.0883875 0)
(0.007071 0.091923 0)
(0.0106065 0.0954585 0)
(0.014142 0.098994 0)
(0.0176775 0.1025295 0)
(0.021213 0.106065 0)
(0.0247485 0.1096005 0)
(0.028284 0.113136 0)
(-0.0459615 0.0459615 0)
(-0.042426 0.049497 0)
(-0.0388905 0.0530325 0)
(-0.035355 0.056568 0)
(-0.0318195 0.0601035 0)
(-0.028284 0.063639 0)
(-0.0247485 0.0671745 0)
(-0.021213 0.07071 0)
(-0.0176775 0.0742455 0)
(-0.014142 0.077781 0)
(-0.0106065 0.0813165 0)
(-0.007071 0.084852 0)
(-0.0035355 0.0883875 0)
(0 0.091923 0)
(0.0035355 0.0954585 0)
(0.007071 0.098994 0)
(0.0106065 0.1025295 0)
(0.014142 0.106065 0)
(0.0176775 0.1096005 0)
(0.021213 0.113136 0)
(0.0247485 0.1166715 0)
(-0.049497 0.049497 0)
(-0.0459615 0.0530325 0)
(-0.042426 0.056568 0)
(-0.0388905 0.0601035 0)
(-0.035355 0.063639 0)
(-0.0318195 0.0671745 0)
(-0.028284 0.07071 0)
(-0.0247485 0.0742455 0)
(-0.021213 0.077781 0)
(-0.0176775 0.0813165 0)
(-0.014142 0.084852 0)
(-0.0106065 0.0883875 0)
(-0.007071 0.091923 0)
(-0.0035355 0.0954585 0)
(0 0.098994 0)
(0.0035355 0.1025295 0)
(0.007071 0.106065 0)
(0.0106065 0.1096005 0)
(0.014142 0.113136 0)
(0.0176775 0.1166715 0)
(0.021213 0.120207 0)
(-0.0530325 0.0530325 0)
(-0.049497 0.056568 0)
(-0.0459615 0.0601035 0)
(-0.042426 0.063639 0)
(-0.0388905 0.0671745 0)
(-0.035355 0.07071 0)
(-0.0318195 0.0742455 0)
(-0.028284 0.077781 0)
(-0.0247485 0.0813165 0)
(-0.021213 0.084852 0)
(-0.0176775 0.0883875 0)
(-0.014142 0.091923 0)
(-0.0106065 0.0954585 0)
(-0.007071 0.098994 0)
(-0.0035355 0.1025295 0)
(0 0.106065 0)
(0.0035355 0.1096005 0)
(0.007071 0.113136 0)
(0.0106065 0.1166715 0)
(0.014142 0.120207 0)
(0.0176775 0.1237425 0)
(-0.056568 0.056568 0)
(-0.0530325 0.0601035 0)
(-0.049497 0.063639 0)
(-0.0459615 0.0671745 0)
(-0.042426 0.07071 0)
(-0.0388905 0.0742455 0)
(-0.035355 0.077781 0)
(-0.0318195 0.0813165 0)
(-0.028284 0.084852 0)
(-0.0247485 0.0883875 0)
(-0.021213 0.091923 0)
(-0.0176775 0.0954585 0)
(-0.014142 0.098994 0)
(-0.0106065 0.1025295 0)
(-0.007071 0.106065 0)
(-0.0035355 0.1096005 0)
(0 0.113136 0)
(0.0035355 0.1166715 0)
(0.007071 0.120207 0)
(0.0106065 0.1237425 0)
(0.014142 0.127278 0)
(-0.0601035 0.0601035 0)
(-0.056568 0.063639 0)
(-0.0530325 0.0671745 0)
(-0.049497 0.07071 0)
(-0.0459615 0.0742455 0)
(-0.042426 0.077781 0)
(-0.0388905 0.0813165 0)
(-0.035355 0.084852 0)
(-0.0318195 0.0883875 0)
(-0.028284 0.091923 0)
(-0.0247485 0.0954585 0)
(-0.021213 0.098994 0)
(-0.0176775 0.1025295 0)
(-0.014142 0.106065 0)
(-0.0106065 0.1096005 0)
(-0.007071 0.113136 0)
(-0.0035355 0.1166715 0)
(0 0.120207 0)
(0.0035355 0.1237425 0)
(0.007071 0.127278 0)
(0.0106065 0.1308135 0)
(-0.063639 0.063639 0)
(-0.0601035 0.0671745 0)
(-0.056568 0.07071 0)
(-0.0530325 0.0742455 0)
(-0.049497 0.077781 0)
(-0.0459615 0.0813165 0)
(-0.042426 0.084852 0)
(-0.0388905 0.0883875 0)
(-0.035355 0.091923 0)
(-0.0318195 0.0954585 0)
(-0.028284 0.098994 0)
(-0.0247485 0.1025295 0)
(-0.021213 0.106065 0)
(-0.0176775 0.1096005 0)
(-0.014142 0.113136 0)
(-0.0106065 0.1166715 0)
(-0.007071 0.120207 0)
(-0.0035355 0.1237425 0)
(0 0.127278 0)
(0.0035355 0.1308135 0)
(0.007071 0.134349 0)
(-0.0671745 0.0671745 0)
(-0.063639 0.07071 0)
(-0.0601035 0.0742455 0)
(-0.056568 0.077781 0)
(-0.0530325 0.0813165 0)
(-0.049497 0.084852 0)
(-0.0459615 0.0883875 0)
(-0.042426 0.091923 0)
(-0.0388905 0.0954585 0)
(-0.035355 0.098994 0)
(-0.0318195 0.1025295 0)
(-0.028284 0.106065 0)
(-0.0247485 0.1096005 0)
(-0.021213 0.113136 0)
(-0.0176775 0.1166715 0)
(-0.014142 0.120207 0)
(-0.0106065 0.1237425 0)
(-0.007071 0.127278 0)
(-0.0035355 0.1308135 0)
(0 0.134349 0)
(0.0035355 0.1378845 0)
(-0.07071 0.07071 0)
(-0.0671745 0.0742455 0)
(-0.063639 0.077781 0)
(-0.0601035 0.0813165 0)
(-0.056568 0.084852 0)
(-0.0530325 0.0883875 0)
(-0.049497 0.091923 0)
(-0.0459615 0.0954585 0)
(-0.042426 0.098994 0)
(-0.0388905 0.1025295 0)
(-0.035355 0.106065 0)
(-0.0318195 0.1096005 0)
(-0.028284 0.113136 0)
(-0.0247485 0.1166715 0)
(-0.021213 0.120207 0)
(-0.0176775 0.1237425 0)
(-0.014142 0.127278 0)
(-0.0106065 0.1308135 0)
(-0.007071 0.134349 0)
(-0.0035355 0.1378845 0)
(0 0.14142 0)
(0 0 0.1)
(0.0035355 0.0035355 0.1)
(0.007071 0.007071 0.1)
(0.0106065 0.0106065 0.1)
(0.014142 0.014142 0.1)
(0.0176775 0.0176775 0.1)
(0.021213 0.021213 0.1)
(0.0247485 0.0247485 0.1)
(0.028284 0.028284 0.1)
(0.0318195 0.0318195 0.1)
(0.035355 0.035355 0.1)
(0.0388905 0.0388905 0.1)
(0.042426 0.042426 0.1)
(0.0459615 0.0459615 0.1)
(0.049497 0.049497 0.1)
(0.0530325 0.0530325 0.1)
(0.056568 0.056568 0.1)
(0.0601035 0.0601035 0.1)
(0.063639 0.063639 0.1)
(0.0671745 0.0671745 0.1)
(0.07071 0.07071 0.1)
(-0.0035355 0.0035355 0.1)
(0 0.007071 0.1)
(0.0035355 0.0106065 0.1)
(0.007071 0.014142 0.1)
(0.0106065 0.0176775 0.1)
(0.014142 0.021213 0.1)
(0.0176775 0.0247485 0.1)
(0.021213 0.028284 0.1)
(0.0247485 0.0318195 0.1)
(0.028284 0.035355 0.1)
(0.0318195 0.0388905 0.1)
(0.035355 0.042426 0.1)
(0.0388905 0.0459615 0.1)
(0.042426 0.049497 0.1)
(0.0459615 0.0530325 0.1)
(0.049497 0.056568 0.1)
(0.0530325 0.0601035 0.1)
(0.056568 0.063639 0.1)
(0.0601035 0.0671745 0.1)
(0.063639 0.07071 0.1)
(0.0671745 0.0742455 0.1)
(-0.007071 0.007071 0.1)
(-0.0035355 0.0106065 0.1)
(0 0.014142 0.1)
(0.0035355 0.0176775 0.1)
(0.007071 0.021213 0.1)
(0.0106065 0.0247485 0.1)
(0.014142 0.028284 0.1)
(0.0176775 0.0318195 0.1)
(0.021213 0.035355 0.1)
(0.0247485 0.0388905 0.1)
(0.028284 0.042426 0.1)
(0.0318195 0.0459615 0.1)
(0.035355 0.049497 0.1)
(0.0388905 0.0530325 0.1)
(0.042426 0.056568 0.1)
(0.0459615 0.0601035 0.1)
(0.049497 0.063639 0.1)
(0.0530325 0.0671745 0.1)
(0.056568 0.07071 0.1)
(0.0601035 0.0742455 0.1)
(0.063639 0.077781 0.1)
(-0.0106065 0.0106065 0.1)
(-0.007071 0.014142 0.1)
(-0.0035355 0.0176775 0.1)
(0 0.021213 0.1)
(0.0035355 0.0247485 0.1)
(0.007071 0.028284 0.1)
(0.0106065 0.0318195 0.1)
(0.014142 0.035355 0.1)
(0.0176775 0.0388905 0.1)
(0.021213 0.042426 0.1)
(0.0247485 0.0459615 0.1)
(0.028284 0.049497 0.1)
(0.0318195 0.0530325 0.1)
(0.035355 0.056568 0.1)
(0.0388905 0.0601035 0.1)
(0.042426 0.063639 0.1)
(0.0459615 0.0671745 0.1)
(0.049497 0.07071 0.1)
(0.0530325 0.0742455 0.1)
(0.056568 0.077781 0.1)
(0.0601035 0.0813165 0.1)
(-0.014142 0.014142 0.1)
(-0.0106065 0.0176775 0.1)
(-0.007071 0.021213 0.1)
(-0.0035355 0.0247485 0.1)
(0 0.028284 0.1)
(0.0035355 0.0318195 0.1)
(0.007071 0.035355 0.1)
(0.0106065 0.0388905 0.1)
(0.014142 0.042426 0.1)
(0.0176775 0.0459615 0.1)
(0.021213 0.049497 0.1)
(0.0247485 0.0530325 0.1)
(0.028284 0.056568 0.1)
(0.0318195 0.0601035 0.1)
(0.035355 0.063639 0.1)
(0.0388905 0.0671745 0.1)
(0.042426 0.07071 0.1)
(0.0459615 0.0742455 0.1)
(0.049497 0.077781 0.1)
(0.0530325 0.0813165 0.1)
(0.056568 0.084852 0.1)
(-0.0176775 0.0176775 0.1)
(-0.014142 0.021213 0.1)
(-0.0106065 0.0247485 0.1)
(-0.007071 0.028284 0.1)
(-0.0035355 0.0318195 0.1)
(0 0.035355 0.1)
(0.0035355 0.0388905 0.1)
(0.007071 0.042426 0.1)
(0.0106065 0.0459615 0.1)
(0.014142 0.049497 0.1)
(0.0176775 0.0530325 0.1)
(0.021213 0.056568 0.1)
(0.0247485 0.0601035 0.1)
(0.028284 0.063639 0.1)
(0.0318195 0.0671745 0.1)
(0.035355 0.07071 0.1)
(0.0388905 0.0742455 0.1)
(0.042426 0.077781 0.1)
(0.0459615 0.0813165 0.1)
(0.049497 0.084852 0.1)
(0.0530325 0.0883875 0.1)
(-0.021213 0.021213 0.1)
(-0.0176775 0.0247485 0.1)
(-0.014142 0.028284 0.1)
(-0.0106065 0.0318195 0.1)
(-0.007071 0.035355 0.1)
(-0.0035355 0.0388905 0.1)
(0 0.042426 0.1)
(0.0035355 0.0459615 0.1)
(0.007071 0.049497 0.1)
(0.0106065 0.0530325 0.1)
(0.014142 0.056568 0.1)
(0.0176775 0.0601035 0.1)
(0.021213 0.063639 0.1)
(0.0247485 0.0671745 0.1)
(0.028284 0.07071 0.1)
(0.0318195 0.0742455 0.1)
(0.035355 0.077781 0.1)
(0.0388905 0.0813165 0.1)
(0.042426 0.084852 0.1)
(0.0459615 0.0883875 0.1)
(0.049497 0.091923 0.1)
(-0.0247485 0.0247485 0.1)
(-0.021213 0.028284 0.1)
(-0.0176775 0.0318195 0.1)
(-0.014142 0.035355 0.1)
(-0.0106065 0.0388905 0.1)
(-0.007071 0.042426 0.1)
(-0.0035355 0.0459615 0.1)
(0 0.049497 0.1)
(0.0035355 0.0530325 0.1)
(0.007071 0.056568 0.1)
(0.0106065 0.0601035 0.1)
(0.014142 0.063639 0.1)
(0.0176775 0.0671745 0.1)
(0.021213 0.07071 0.1)
(0.0247485 0.0742455 0.1)
(0.028284 0.077781 0.1)
(0.0318195 0.0813165 0.1)
(0.035355 0.084852 0.1)
(0.0388905 0.0883875 0.1)
(0.042426 0.091923 0.1)
(0.0459615 0.0954585 0.1)
(-0.028284 0.028284 0.1)
(-0.0247485 0.0318195 0.1)
(-0.021213 0.035355 0.1)
(-0.0176775 0.0388905 0.1)
(-0.014142 0.042426 0.1)
(-0.0106065 0.0459615 0.1)
(-0.007071 0.049497 0.1)
(-0.0035355 0.0530325 0.1)
(0 0.056568 0.1)
(0.0035355 0.0601035 0.1)
(0.007071 0.063639 0.1)
(0.0106065 0.0671745 0.1)
(0.014142 0.07071 0.1)
(0.0176775 0.0742455 0.1)
(0.021213 0.077781 0.1)
(0.0247485 0.0813165 0.1)
(0.028284 0.084852 0.1)
(0.0318195 0.0883875 0.1)
(0.035355 0.091923 0.1)
(0.0388905 0.0954585 0.1)
(0.042426 0.098994 0.1)
(-0.0318195 0.0318195 0.1)
(-0.028284 0.035355 0.1)
(-0.0247485 0.0388905 0.1)
(-0.021213 0.042426 0.1)
(-0.0176775 0.0459615 0.1)
(-0.014142 0.049497 0.1)
(-0.0106065 0.0530325 0.1)
(-0.007071 0.056568 0.1)
(-0.0035355 0.0601035 0.1)
(0 0.063639 0.1)
(0.0035355 0.0671745 0.1)
(0.007071 0.07071 0.1)
(0.0106065 0.0742455 0.1)
(0.014142 0.077781 0.1)
(0.0176775 0.0813165 0.1)
(0.021213 0.084852 0.1)
(0.0247485 0.0883875 0.1)
(0.028284 0.091923 0.1)
(0.0318195 0.0954585 0.1)
(0.035355 0.098994 0.1)
(0.0388905 0.1025295 0.1)
(-0.035355 0.035355 0.1)
(-0.0318195 0.0388905 0.1)
(-0.028284 0.042426 0.1)
(-0.0247485 0.0459615 0.1)
(-0.021213 0.049497 0.1)
(-0.0176775 0.0530325 0.1)
(-0.014142 0.056568 0.1)
(-0.0106065 0.0601035 0.1)
(-0.007071 0.063639 0.1)
(-0.0035355 0.0671745 0.1)
(0 0.07071 0.1)
(0.0035355 0.0742455 0.1)
(0.007071 0.077781 0.1)
(0.0106065 0.0813165 0.1)
(0.014142 0.084852 0.1)
(0.0176775 0.0883875 0.1)
(0.021213 0.091923 0.1)
(0.0247485 0.0954585 0.1)
(0.028284 0.098994 0.1)
(0.0318195 0.1025295 0.1)
(0.035355 0.106065 0.1)
(-0.0388905 0.0388905 0.1)
(-0.035355 0.042426 0.1)
(-0.0318195 0.0459615 0.1)
(-0.028284 0.049497 0.1)
(-0.0247485 0.0530325 0.1)
(-0.021213 0.056568 0.1)
(-0.0176775 0.0601035 0.1)
(-0.014142 0.063639 0.1)
(-0.0106065 0.0671745 0.1)
(-0.007071 0.07071 0.1)
(-0.0035355 0.0742455 0.1)
(0 0.077781 0.1)
(0.0035355 0.0813165 0.1)
(0.007071 0.084852 0.1)
(0.0106065 0.0883875 0.1)
(0.014142 0.091923 0.1)
(0.0176775 0.0954585 0.1)
(0.021213 0.098994 0.1)
(0.0247485 0.1025295 0.1)
(0.028284 0.106065 0.1)
(0.0318195 0.1096005 0.1)
(-0.042426 0.042426 0.1)
(-0.0388905 0.0459615 0.1)
(-0.035355 0.049497 0.1)
(-0.0318195 0.0530325 0.1)
(-0.028284 0.056568 0.1)
(-0.0247485 0.0601035 0.1)
(-0.021213 0.063639 0.1)
(-0.0176775 0.0671745 0.1)
(-0.014142 0.07071 0.1)
(-0.0106065 0.0742455 0.1)
(-0.007071 0.077781 0.1)
(-0.0035355 0.0813165 0.1)
(0 0.084852 0.1)
(0.0035355 0.0883875 0.1)
(0.007071 0.091923 0.1)
(0.0106065 0.0954585 0.1)
(0.014142 0.098994 0.1)
(0.0176775 0.1025295 0.1)
(0.021213 0.106065 0.1)
(0.0247485 0.1096005 0.1)
(0.028284 0.113136 0.1)
(-0.0459615 0.0459615 0.1)
(-0.042426 0.049497 0.1)
(-0.0388905 0.0530325 0.1)
(-0.035355 0.056568 0.1)
(-0.0318195 0.0601035 0.1)
(-0.028284 0.063639 0.1)
(-0.0247485 0.0671745 0.1)
(-0.021213 0.07071 0.1)
(-0.0176775 0.0742455 0.1)
(-0.014142 0.077781 0.1)
(-0.0106065 0.0813165 0.1)
(-0.007071 0.084852 0.1)
(-0.0035355 0.0883875 0.1)
(0 0.091923 0.1)
(0.0035355 0.0954585 0.1)
(0.007071 0.098994 0.1)
(0.0106065 0.1025295 0.1)
(0.014142 0.106065 0.1)
(0.0176775 0.1096005 0.1)
(0.021213 0.113136 0.1)
(0.0247485 0.1166715 0.1)
(-0.049497 0.049497 0.1)
(-0.0459615 0.0530325 0.1)
(-0.042426 0.056568 0.1)
(-0.0388905 0.0601035 0.1)
(-0.035355 0.063639 0.1)
(-0.0318195 0.0671745 0.1)
(-0.028284 0.07071 0.1)
(-0.0247485 0.0742455 0.1)
(-0.021213 0.077781 0.1)
(-0.0176775 0.0813165 0.1)
(-0.014142 0.084852 0.1)
(-0.0106065 0.0883875 0.1)
(-0.007071 0.091923 0.1)
(-0.0035355 0.0954585 0.1)
(0 0.098994 0.1)
(0.0035355 0.1025295 0.1)
(0.007071 0.106065 0.1)
(0.0106065 0.1096005 0.1)
(0.014142 0.113136 0.1)
(0.0176775 0.1166715 0.1)
(0.021213 0.120207 0.1)
(-0.0530325 0.0530325 0.1)
(-0.049497 0.056568 0.1)
(-0.0459615 0.0601035 0.1)
(-0.042426 0.063639 0.1)
(-0.0388905 0.0671745 0.1)
(-0.035355 0.07071 0.1)
(-0.0318195 0.0742455 0.1)
(-0.028284 0.077781 0.1)
(-0.0247485 0.0813165 0.1)
(-0.021213 0.084852 0.1)
(-0.0176775 0.0883875 0.1)
(-0.014142 0.091923 0.1)
(-0.0106065 0.0954585 0.1)
(-0.007071 0.098994 0.1)
(-0.0035355 0.1025295 0.1)
(0 0.106065 0.1)
(0.0035355 0.1096005 0.1)
(0.007071 0.113136 0.1)
(0.0106065 0.1166715 0.1)
(0.014142 0.120207 0.1)
(0.0176775 0.1237425 0.1)
(-0.056568 0.056568 0.1)
(-0.0530325 0.0601035 0.1)
(-0.049497 0.063639 0.1)
(-0.0459615 0.0671745 0.1)
(-0.042426 0.07071 0.1)
(-0.0388905 0.0742455 0.1)
(-0.035355 0.077781 0.1)
(-0.0318195 0.0813165 0.1)
(-0.028284 0.084852 0.1)
(-0.0247485 0.0883875 0.1)
(-0.021213 0.091923 0.1)
(-0.0176775 0.0954585 0.1)
(-0.014142 0.098994 0.1)
(-0.0106065 0.1025295 0.1)
(-0.007071 0.106065 0.1)
(-0.0035355 0.1096005 0.1)
(0 0.113136 0.1)
(0.0035355 0.1166715 0.1)
(0.007071 0.120207 0.1)
(0.0106065 0.1237425 0.1)
(0.014142 0.127278 0.1)
(-0.0601035 0.0601035 0.1)
(-0.056568 0.063639 0.1)
(-0.0530325 0.0671745 0.1)
(-0.049497 0.07071 0.1)
(-0.0459615 0.0742455 0.1)
(-0.042426 0.077781 0.1)
(-0.0388905 0.0813165 0.1)
(-0.035355 0.084852 0.1)
(-0.0318195 0.0883875 0.1)
(-0.028284 0.091923 0.1)
(-0.0247485 0.0954585 0.1)
(-0.021213 0.098994 0.1)
(-0.0176775 0.1025295 0.1)
(-0.014142 0.106065 0.1)
(-0.0106065 0.1096005 0.1)
(-0.007071 0.113136 0.1)
(-0.0035355 0.1166715 0.1)
(0 0.120207 0.1)
(0.0035355 0.1237425 0.1)
(0.007071 0.127278 0.1)
(0.0106065 0.1308135 0.1)
(-0.063639 0.063639 0.1)
(-0.0601035 0.0671745 0.1)
(-0.056568 0.07071 0.1)
(-0.0530325 0.0742455 0.1)
(-0.049497 0.077781 0.1)
(-0.0459615 0.0813165 0.1)
(-0.042426 0.084852 0.1)
(-0.0388905 0.0883875 0.1)
(-0.035355 0.091923 0.1)
(-0.0318195 0.0954585 0.1)
(-0.028284 0.098994 0.1)
(-0.0247485 0.1025295 0.1)
(-0.021213 0.106065 0.1)
(-0.0176775 0.1096005 0.1)
(-0.014142 0.113136 0.1)
(-0.0106065 0.1166715 0.1)
(-0.007071 0.120207 0.1)
(-0.0035355 0.1237425 0.1)
(0 0.127278 0.1)
(0.0035355 0.1308135 0.1)
(0.007071 0.134349 0.1)
(-0.0671745 0.0671745 0.1)
(-0.063639 0.07071 0.1)
(-0.0601035 0.0742455 0.1)
(-0.056568 0.077781 0.1)
(-0.0530325 0.0813165 0.1)
(-0.049497 0.084852 0.1)
(-0.0459615 0.0883875 0.1)
(-0.042426 0.091923 0.1)
(-0.0388905 0.0954585 0.1)
(-0.035355 0.098994 0.1)
(-0.0318195 0.1025295 0.1)
(-0.028284 0.106065 0.1)
(-0.0247485 0.1096005 0.1)
(-0.021213 0.113136 0.1)
(-0.0176775 0.1166715 0.1)
(-0.014142 0.120207 0.1)
(-0.0106065 0.1237425 0.1)
(-0.007071 0.127278 0.1)
(-0.0035355 0.1308135 0.1)
(0 0.134349 0.1)
(0.0035355 0.1378845 0.1)
(-0.07071 0.07071 0.1)
(-0.0671745 0.0742455 0.1)
(-0.063639 0.077781 0.1)
(-0.0601035 0.0813165 0.1)
(-0.056568 0.084852 0.1)
(-0.0530325 0.0883875 0.1)
(-0.049497 0.091923 0.1)
(-0.0459615 0.0954585 0.1)
(-0.042426 0.098994 0.1)
(-0.0388905 0.1025295 0.1)
(-0.035355 0.106065 0.1)
(-0.0318195 0.1096005 0.1)
(-0.028284 0.113136 0.1)
(-0.0247485 0.1166715 0.1)
(-0.021213 0.120207 0.1)
(-0.0176775 0.1237425 0.1)
(-0.014142 0.127278 0.1)
(-0.0106065 0.1308135 0.1)
(-0.007071 0.134349 0.1)
(-0.0035355 0.1378845 0.1)
(0 0.14142 0.1)
)


// ************************************************************************* //
